# INPUT_CELL_CARD
5.718 0.0 0.0
0.0 5.718 0.0
0.0 0.0 71.475
# END INPUT_CELL_CARD

# INPUT_SValues
NiUp 1.1 1.1 1.555634919
NiDw -1.1 -1.1 -1.555634919
# END INPUT_SValues 

# INPUT_PARAMETRIZATION
NiUp 1.44902411 0.335804378 0.69016294 0.638640902 0.093031423 13.1851881 0.0105054521 0.254242669 0.970992561 0.0482320902 0.606112572 11.2847296
NiDw 1.44902411 0.335804378 0.69016294 0.638640902 0.093031423 13.1851881 0.0105054521 0.254242669 0.970992561 0.0482320902 0.606112572 11.2847296
# END INPUT_PARAMETRIZATION

# INPUT_Jij 2
NiUp NiUp 0 0.0194833596303688
NiUp NiDw 0 -0.0194833596303688
NiDw NiUp 0 -0.0194833596303688
NiDw NiDw 0 0.0194833596303688
NiUp NiUp 1 0.0194833596303688
NiUp NiDw 1 -0.0194833596303688
NiDw NiUp 1 -0.0194833596303688
NiDw NiDw 1 0.0194833596303688
# END INPUT_Jij


# INPUT_ATOMS_CARD_FRAC
NiUp 0.0 0.0 0.0
NiDw 0.25 0.25 0.0
NiUp 0.5 0.5 0.0
NiDw 0.75 0.75 0.0
NiDw 0.0 0.5 0.0
NiUp 0.75 0.25 0.0
NiDw 0.5 0.0 0.0
NiUp 0.25 0.75 0.0
NiDw 0.0 0.25 0.02
NiDw 0.25 0.0 0.02
NiUp 0.25 0.5 0.02
NiUp 0.0 0.75 0.02
NiUp 0.5 0.25 0.02
NiUp 0.75 0.0 0.02
NiDw 0.5 0.75 0.02
NiDw 0.75 0.5 0.02
NiUp 0.0 0.0 0.04
NiDw 0.25 0.25 0.04
NiUp 0.5 0.5 0.04
NiDw 0.75 0.75 0.04
NiDw 0.0 0.5 0.04
NiUp 0.75 0.25 0.04
NiDw 0.5 0.0 0.04
NiUp 0.25 0.75 0.04
NiDw 0.0 0.25 0.06
NiDw 0.25 0.0 0.06
NiUp 0.25 0.5 0.06
NiUp 0.0 0.75 0.06
NiUp 0.5 0.25 0.06
NiUp 0.75 0.0 0.06
NiDw 0.5 0.75 0.06
NiDw 0.75 0.5 0.06
NiUp 0.0 0.0 0.08
NiDw 0.25 0.25 0.08
NiUp 0.5 0.5 0.08
NiDw 0.75 0.75 0.08
NiDw 0.0 0.5 0.08
NiUp 0.75 0.25 0.08
NiDw 0.5 0.0 0.08
NiUp 0.25 0.75 0.08
NiDw 0.0 0.25 0.1
NiDw 0.25 0.0 0.1
NiUp 0.25 0.5 0.1
NiUp 0.0 0.75 0.1
NiUp 0.5 0.25 0.1
NiUp 0.75 0.0 0.1
NiDw 0.5 0.75 0.1
NiDw 0.75 0.5 0.1
NiUp 0.0 0.0 0.12
NiDw 0.25 0.25 0.12
NiUp 0.5 0.5 0.12
NiDw 0.75 0.75 0.12
NiDw 0.0 0.5 0.12
NiUp 0.75 0.25 0.12
NiDw 0.5 0.0 0.12
NiUp 0.25 0.75 0.12
NiDw 0.0 0.25 0.14
NiDw 0.25 0.0 0.14
NiUp 0.25 0.5 0.14
NiUp 0.0 0.75 0.14
NiUp 0.5 0.25 0.14
NiUp 0.75 0.0 0.14
NiDw 0.5 0.75 0.14
NiDw 0.75 0.5 0.14
NiUp 0.0 0.0 0.16
NiDw 0.25 0.25 0.16
NiUp 0.5 0.5 0.16
NiDw 0.75 0.75 0.16
NiDw 0.0 0.5 0.16
NiUp 0.75 0.25 0.16
NiDw 0.5 0.0 0.16
NiUp 0.25 0.75 0.16
NiDw 0.0 0.25 0.18
NiDw 0.25 0.0 0.18
NiUp 0.25 0.5 0.18
NiUp 0.0 0.75 0.18
NiUp 0.5 0.25 0.18
NiUp 0.75 0.0 0.18
NiDw 0.5 0.75 0.18
NiDw 0.75 0.5 0.18
NiUp 0.0 0.0 0.2
NiDw 0.25 0.25 0.2
NiUp 0.5 0.5 0.2
NiDw 0.75 0.75 0.2
NiDw 0.0 0.5 0.2
NiUp 0.75 0.25 0.2
NiDw 0.5 0.0 0.2
NiUp 0.25 0.75 0.2
NiDw 0.0 0.25 0.22
NiDw 0.25 0.0 0.22
NiUp 0.25 0.5 0.22
NiUp 0.0 0.75 0.22
NiUp 0.5 0.25 0.22
NiUp 0.75 0.0 0.22
NiDw 0.5 0.75 0.22
NiDw 0.75 0.5 0.22
NiUp 0.0 0.0 0.24
NiDw 0.25 0.25 0.24
NiUp 0.5 0.5 0.24
NiDw 0.75 0.75 0.24
NiDw 0.0 0.5 0.24
NiUp 0.75 0.25 0.24
NiDw 0.5 0.0 0.24
NiUp 0.25 0.75 0.24
NiDw 0.0 0.25 0.26
NiDw 0.25 0.0 0.26
NiUp 0.25 0.5 0.26
NiUp 0.0 0.75 0.26
NiUp 0.5 0.25 0.26
NiUp 0.75 0.0 0.26
NiDw 0.5 0.75 0.26
NiDw 0.75 0.5 0.26
NiUp 0.0 0.0 0.28
NiDw 0.25 0.25 0.28
NiUp 0.5 0.5 0.28
NiDw 0.75 0.75 0.28
NiDw 0.0 0.5 0.28
NiUp 0.75 0.25 0.28
NiDw 0.5 0.0 0.28
NiUp 0.25 0.75 0.28
NiDw 0.0 0.25 0.3
NiDw 0.25 0.0 0.3
NiUp 0.25 0.5 0.3
NiUp 0.0 0.75 0.3
NiUp 0.5 0.25 0.3
NiUp 0.75 0.0 0.3
NiDw 0.5 0.75 0.3
NiDw 0.75 0.5 0.3
NiUp 0.0 0.0 0.32
NiDw 0.25 0.25 0.32
NiUp 0.5 0.5 0.32
NiDw 0.75 0.75 0.32
NiDw 0.0 0.5 0.32
NiUp 0.75 0.25 0.32
NiDw 0.5 0.0 0.32
NiUp 0.25 0.75 0.32
NiDw 0.0 0.25 0.34
NiDw 0.25 0.0 0.34
NiUp 0.25 0.5 0.34
NiUp 0.0 0.75 0.34
NiUp 0.5 0.25 0.34
NiUp 0.75 0.0 0.34
NiDw 0.5 0.75 0.34
NiDw 0.75 0.5 0.34
NiUp 0.0 0.0 0.36
NiDw 0.25 0.25 0.36
NiUp 0.5 0.5 0.36
NiDw 0.75 0.75 0.36
NiDw 0.0 0.5 0.36
NiUp 0.75 0.25 0.36
NiDw 0.5 0.0 0.36
NiUp 0.25 0.75 0.36
NiDw 0.0 0.25 0.38
NiDw 0.25 0.0 0.38
NiUp 0.25 0.5 0.38
NiUp 0.0 0.75 0.38
NiUp 0.5 0.25 0.38
NiUp 0.75 0.0 0.38
NiDw 0.5 0.75 0.38
NiDw 0.75 0.5 0.38
NiUp 0.0 0.0 0.4
NiDw 0.25 0.25 0.4
NiUp 0.5 0.5 0.4
NiDw 0.75 0.75 0.4
NiDw 0.0 0.5 0.4
NiUp 0.75 0.25 0.4
NiDw 0.5 0.0 0.4
NiUp 0.25 0.75 0.4
NiDw 0.0 0.25 0.42
NiDw 0.25 0.0 0.42
NiUp 0.25 0.5 0.42
NiUp 0.0 0.75 0.42
NiUp 0.5 0.25 0.42
NiUp 0.75 0.0 0.42
NiDw 0.5 0.75 0.42
NiDw 0.75 0.5 0.42
NiUp 0.0 0.0 0.44
NiDw 0.25 0.25 0.44
NiUp 0.5 0.5 0.44
NiDw 0.75 0.75 0.44
NiDw 0.0 0.5 0.44
NiUp 0.75 0.25 0.44
NiDw 0.5 0.0 0.44
NiUp 0.25 0.75 0.44
NiDw 0.0 0.25 0.46
NiDw 0.25 0.0 0.46
NiUp 0.25 0.5 0.46
NiUp 0.0 0.75 0.46
NiUp 0.5 0.25 0.46
NiUp 0.75 0.0 0.46
NiDw 0.5 0.75 0.46
NiDw 0.75 0.5 0.46
NiUp 0.0 0.0 0.48
NiDw 0.25 0.25 0.48
NiUp 0.5 0.5 0.48
NiDw 0.75 0.75 0.48
NiDw 0.0 0.5 0.48
NiUp 0.75 0.25 0.48
NiDw 0.5 0.0 0.48
NiUp 0.25 0.75 0.48
NiDw 0.0 0.25 0.5
NiDw 0.25 0.0 0.5
NiUp 0.25 0.5 0.5
NiUp 0.0 0.75 0.5
NiUp 0.5 0.25 0.5
NiUp 0.75 0.0 0.5
NiDw 0.5 0.75 0.5
NiDw 0.75 0.5 0.5
NiUp 0.0 0.0 0.52
NiDw 0.25 0.25 0.52
NiUp 0.5 0.5 0.52
NiDw 0.75 0.75 0.52
NiDw 0.0 0.5 0.52
NiUp 0.75 0.25 0.52
NiDw 0.5 0.0 0.52
NiUp 0.25 0.75 0.52
NiDw 0.0 0.25 0.54
NiDw 0.25 0.0 0.54
NiUp 0.25 0.5 0.54
NiUp 0.0 0.75 0.54
NiUp 0.5 0.25 0.54
NiUp 0.75 0.0 0.54
NiDw 0.5 0.75 0.54
NiDw 0.75 0.5 0.54
NiUp 0.0 0.0 0.56
NiDw 0.25 0.25 0.56
NiUp 0.5 0.5 0.56
NiDw 0.75 0.75 0.56
NiDw 0.0 0.5 0.56
NiUp 0.75 0.25 0.56
NiDw 0.5 0.0 0.56
NiUp 0.25 0.75 0.56
NiDw 0.0 0.25 0.58
NiDw 0.25 0.0 0.58
NiUp 0.25 0.5 0.58
NiUp 0.0 0.75 0.58
NiUp 0.5 0.25 0.58
NiUp 0.75 0.0 0.58
NiDw 0.5 0.75 0.58
NiDw 0.75 0.5 0.58
NiUp 0.0 0.0 0.6
NiDw 0.25 0.25 0.6
NiUp 0.5 0.5 0.6
NiDw 0.75 0.75 0.6
NiDw 0.0 0.5 0.6
NiUp 0.75 0.25 0.6
NiDw 0.5 0.0 0.6
NiUp 0.25 0.75 0.6
NiDw 0.0 0.25 0.62
NiDw 0.25 0.0 0.62
NiUp 0.25 0.5 0.62
NiUp 0.0 0.75 0.62
NiUp 0.5 0.25 0.62
NiUp 0.75 0.0 0.62
NiDw 0.5 0.75 0.62
NiDw 0.75 0.5 0.62
NiUp 0.0 0.0 0.64
NiDw 0.25 0.25 0.64
NiUp 0.5 0.5 0.64
NiDw 0.75 0.75 0.64
NiDw 0.0 0.5 0.64
NiUp 0.75 0.25 0.64
NiDw 0.5 0.0 0.64
NiUp 0.25 0.75 0.64
NiDw 0.0 0.25 0.66
NiDw 0.25 0.0 0.66
NiUp 0.25 0.5 0.66
NiUp 0.0 0.75 0.66
NiUp 0.5 0.25 0.66
NiUp 0.75 0.0 0.66
NiDw 0.5 0.75 0.66
NiDw 0.75 0.5 0.66
NiUp 0.0 0.0 0.68
NiDw 0.25 0.25 0.68
NiUp 0.5 0.5 0.68
NiDw 0.75 0.75 0.68
NiDw 0.0 0.5 0.68
NiUp 0.75 0.25 0.68
NiDw 0.5 0.0 0.68
NiUp 0.25 0.75 0.68
NiDw 0.0 0.25 0.7000000000000001
NiDw 0.25 0.0 0.7000000000000001
NiUp 0.25 0.5 0.7000000000000001
NiUp 0.0 0.75 0.7000000000000001
NiUp 0.5 0.25 0.7000000000000001
NiUp 0.75 0.0 0.7000000000000001
NiDw 0.5 0.75 0.7000000000000001
NiDw 0.75 0.5 0.7000000000000001
NiUp 0.0 0.0 0.72
NiDw 0.25 0.25 0.72
NiUp 0.5 0.5 0.72
NiDw 0.75 0.75 0.72
NiDw 0.0 0.5 0.72
NiUp 0.75 0.25 0.72
NiDw 0.5 0.0 0.72
NiUp 0.25 0.75 0.72
NiDw 0.0 0.25 0.74
NiDw 0.25 0.0 0.74
NiUp 0.25 0.5 0.74
NiUp 0.0 0.75 0.74
NiUp 0.5 0.25 0.74
NiUp 0.75 0.0 0.74
NiDw 0.5 0.75 0.74
NiDw 0.75 0.5 0.74
NiUp 0.0 0.0 0.76
NiDw 0.25 0.25 0.76
NiUp 0.5 0.5 0.76
NiDw 0.75 0.75 0.76
NiDw 0.0 0.5 0.76
NiUp 0.75 0.25 0.76
NiDw 0.5 0.0 0.76
NiUp 0.25 0.75 0.76
NiDw 0.0 0.25 0.78
NiDw 0.25 0.0 0.78
NiUp 0.25 0.5 0.78
NiUp 0.0 0.75 0.78
NiUp 0.5 0.25 0.78
NiUp 0.75 0.0 0.78
NiDw 0.5 0.75 0.78
NiDw 0.75 0.5 0.78
NiUp 0.0 0.0 0.8
NiDw 0.25 0.25 0.8
NiUp 0.5 0.5 0.8
NiDw 0.75 0.75 0.8
NiDw 0.0 0.5 0.8
NiUp 0.75 0.25 0.8
NiDw 0.5 0.0 0.8
NiUp 0.25 0.75 0.8
NiDw 0.0 0.25 0.8200000000000001
NiDw 0.25 0.0 0.8200000000000001
NiUp 0.25 0.5 0.8200000000000001
NiUp 0.0 0.75 0.8200000000000001
NiUp 0.5 0.25 0.8200000000000001
NiUp 0.75 0.0 0.8200000000000001
NiDw 0.5 0.75 0.8200000000000001
NiDw 0.75 0.5 0.8200000000000001
NiUp 0.0 0.0 0.84
NiDw 0.25 0.25 0.84
NiUp 0.5 0.5 0.84
NiDw 0.75 0.75 0.84
NiDw 0.0 0.5 0.84
NiUp 0.75 0.25 0.84
NiDw 0.5 0.0 0.84
NiUp 0.25 0.75 0.84
NiDw 0.0 0.25 0.86
NiDw 0.25 0.0 0.86
NiUp 0.25 0.5 0.86
NiUp 0.0 0.75 0.86
NiUp 0.5 0.25 0.86
NiUp 0.75 0.0 0.86
NiDw 0.5 0.75 0.86
NiDw 0.75 0.5 0.86
NiUp 0.0 0.0 0.88
NiDw 0.25 0.25 0.88
NiUp 0.5 0.5 0.88
NiDw 0.75 0.75 0.88
NiDw 0.0 0.5 0.88
NiUp 0.75 0.25 0.88
NiDw 0.5 0.0 0.88
NiUp 0.25 0.75 0.88
NiDw 0.0 0.25 0.9
NiDw 0.25 0.0 0.9
NiUp 0.25 0.5 0.9
NiUp 0.0 0.75 0.9
NiUp 0.5 0.25 0.9
NiUp 0.75 0.0 0.9
NiDw 0.5 0.75 0.9
NiDw 0.75 0.5 0.9
NiUp 0.0 0.0 0.92
NiDw 0.25 0.25 0.92
NiUp 0.5 0.5 0.92
NiDw 0.75 0.75 0.92
NiDw 0.0 0.5 0.92
NiUp 0.75 0.25 0.92
NiDw 0.5 0.0 0.92
NiUp 0.25 0.75 0.92
NiDw 0.0 0.25 0.9400000000000001
NiDw 0.25 0.0 0.9400000000000001
NiUp 0.25 0.5 0.9400000000000001
NiUp 0.0 0.75 0.9400000000000001
NiUp 0.5 0.25 0.9400000000000001
NiUp 0.75 0.0 0.9400000000000001
NiDw 0.5 0.75 0.9400000000000001
NiDw 0.75 0.5 0.9400000000000001
NiUp 0.0 0.0 0.96
NiDw 0.25 0.25 0.96
NiUp 0.5 0.5 0.96
NiDw 0.75 0.75 0.96
NiDw 0.0 0.5 0.96
NiUp 0.75 0.25 0.96
NiDw 0.5 0.0 0.96
NiUp 0.25 0.75 0.96
NiDw 0.0 0.25 0.98
NiDw 0.25 0.0 0.98
NiUp 0.25 0.5 0.98
NiUp 0.0 0.75 0.98
NiUp 0.5 0.25 0.98
NiUp 0.75 0.0 0.98
NiDw 0.5 0.75 0.98
NiDw 0.75 0.5 0.98
# END INPUT_ATOMS_CARD_FRAC

# INPUT_LOCAL_ANISOTROPIES
0.0 0.0 1e-05
0.0 0.0 1e-05
0.0 0.0 1e-05
0.0 0.0 1e-05
0.0 0.0 1e-05
0.0 0.0 1e-05
0.0 0.0 1e-05
0.0 0.0 1e-05
0.0 0.0 1e-05
0.0 0.0 1e-05
0.0 0.0 1e-05
0.0 0.0 1e-05
0.0 0.0 1e-05
0.0 0.0 1e-05
0.0 0.0 1e-05
0.0 0.0 1e-05
0.0 0.0 1e-05
0.0 0.0 1e-05
0.0 0.0 1e-05
0.0 0.0 1e-05
0.0 0.0 1e-05
0.0 0.0 1e-05
0.0 0.0 1e-05
0.0 0.0 1e-05
0.0 0.0 1e-05
0.0 0.0 1e-05
0.0 0.0 1e-05
0.0 0.0 1e-05
0.0 0.0 1e-05
0.0 0.0 1e-05
0.0 0.0 1e-05
0.0 0.0 1e-05
0.0 0.0 1e-05
0.0 0.0 1e-05
0.0 0.0 1e-05
0.0 0.0 1e-05
0.0 0.0 1e-05
0.0 0.0 1e-05
0.0 0.0 1e-05
0.0 0.0 1e-05
0.0 0.0 1e-05
0.0 0.0 1e-05
0.0 0.0 1e-05
0.0 0.0 1e-05
0.0 0.0 1e-05
0.0 0.0 1e-05
0.0 0.0 1e-05
0.0 0.0 1e-05
0.0 0.0 1e-05
0.0 0.0 1e-05
# END INPUT_LOCAL_ANISOTROPIES

# KPATH_CARD
0.5 0.5 0.5
0.49504950495049505 0.49504950495049505 0.49504950495049505
0.4900990099009901 0.4900990099009901 0.4900990099009901
0.48514851485148514 0.48514851485148514 0.48514851485148514
0.4801980198019802 0.4801980198019802 0.4801980198019802
0.4752475247524752 0.4752475247524752 0.4752475247524752
0.47029702970297027 0.47029702970297027 0.47029702970297027
0.4653465346534653 0.4653465346534653 0.4653465346534653
0.4603960396039604 0.4603960396039604 0.4603960396039604
0.45544554455445546 0.45544554455445546 0.45544554455445546
0.4504950495049505 0.4504950495049505 0.4504950495049505
0.44554455445544555 0.44554455445544555 0.44554455445544555
0.4405940594059406 0.4405940594059406 0.4405940594059406
0.43564356435643564 0.43564356435643564 0.43564356435643564
0.4306930693069307 0.4306930693069307 0.4306930693069307
0.42574257425742573 0.42574257425742573 0.42574257425742573
0.4207920792079208 0.4207920792079208 0.4207920792079208
0.4158415841584158 0.4158415841584158 0.4158415841584158
0.4108910891089109 0.4108910891089109 0.4108910891089109
0.40594059405940597 0.40594059405940597 0.40594059405940597
0.400990099009901 0.400990099009901 0.400990099009901
0.39603960396039606 0.39603960396039606 0.39603960396039606
0.3910891089108911 0.3910891089108911 0.3910891089108911
0.38613861386138615 0.38613861386138615 0.38613861386138615
0.3811881188118812 0.3811881188118812 0.3811881188118812
0.37623762376237624 0.37623762376237624 0.37623762376237624
0.3712871287128713 0.3712871287128713 0.3712871287128713
0.36633663366336633 0.36633663366336633 0.36633663366336633
0.3613861386138614 0.3613861386138614 0.3613861386138614
0.3564356435643564 0.3564356435643564 0.3564356435643564
0.35148514851485146 0.35148514851485146 0.35148514851485146
0.3465346534653465 0.3465346534653465 0.3465346534653465
0.34158415841584155 0.34158415841584155 0.34158415841584155
0.3366336633663366 0.3366336633663366 0.3366336633663366
0.33168316831683164 0.33168316831683164 0.33168316831683164
0.3267326732673267 0.3267326732673267 0.3267326732673267
0.3217821782178218 0.3217821782178218 0.3217821782178218
0.31683168316831684 0.31683168316831684 0.31683168316831684
0.3118811881188119 0.3118811881188119 0.3118811881188119
0.3069306930693069 0.3069306930693069 0.3069306930693069
0.30198019801980197 0.30198019801980197 0.30198019801980197
0.297029702970297 0.297029702970297 0.297029702970297
0.2920792079207921 0.2920792079207921 0.2920792079207921
0.28712871287128716 0.28712871287128716 0.28712871287128716
0.2821782178217822 0.2821782178217822 0.2821782178217822
0.27722772277227725 0.27722772277227725 0.27722772277227725
0.2722772277227723 0.2722772277227723 0.2722772277227723
0.26732673267326734 0.26732673267326734 0.26732673267326734
0.2623762376237624 0.2623762376237624 0.2623762376237624
0.25742574257425743 0.25742574257425743 0.25742574257425743
0.2524752475247525 0.2524752475247525 0.2524752475247525
0.24752475247524752 0.24752475247524752 0.24752475247524752
0.24257425742574257 0.24257425742574257 0.24257425742574257
0.2376237623762376 0.2376237623762376 0.2376237623762376
0.23267326732673266 0.23267326732673266 0.23267326732673266
0.2277227722772277 0.2277227722772277 0.2277227722772277
0.22277227722772275 0.22277227722772275 0.22277227722772275
0.2178217821782178 0.2178217821782178 0.2178217821782178
0.2128712871287129 0.2128712871287129 0.2128712871287129
0.20792079207920794 0.20792079207920794 0.20792079207920794
0.20297029702970298 0.20297029702970298 0.20297029702970298
0.19801980198019803 0.19801980198019803 0.19801980198019803
0.19306930693069307 0.19306930693069307 0.19306930693069307
0.18811881188118812 0.18811881188118812 0.18811881188118812
0.18316831683168316 0.18316831683168316 0.18316831683168316
0.1782178217821782 0.1782178217821782 0.1782178217821782
0.17326732673267325 0.17326732673267325 0.17326732673267325
0.1683168316831683 0.1683168316831683 0.1683168316831683
0.16336633663366334 0.16336633663366334 0.16336633663366334
0.1584158415841584 0.1584158415841584 0.1584158415841584
0.15346534653465344 0.15346534653465344 0.15346534653465344
0.14851485148514854 0.14851485148514854 0.14851485148514854
0.14356435643564358 0.14356435643564358 0.14356435643564358
0.13861386138613863 0.13861386138613863 0.13861386138613863
0.13366336633663367 0.13366336633663367 0.13366336633663367
0.12871287128712872 0.12871287128712872 0.12871287128712872
0.12376237623762376 0.12376237623762376 0.12376237623762376
0.1188118811881188 0.1188118811881188 0.1188118811881188
0.11386138613861385 0.11386138613861385 0.11386138613861385
0.1089108910891089 0.1089108910891089 0.1089108910891089
0.10396039603960394 0.10396039603960394 0.10396039603960394
0.09900990099009899 0.09900990099009899 0.09900990099009899
0.09405940594059403 0.09405940594059403 0.09405940594059403
0.08910891089108908 0.08910891089108908 0.08910891089108908
0.08415841584158418 0.08415841584158418 0.08415841584158418
0.07920792079207922 0.07920792079207922 0.07920792079207922
0.07425742574257427 0.07425742574257427 0.07425742574257427
0.06930693069306931 0.06930693069306931 0.06930693069306931
0.06435643564356436 0.06435643564356436 0.06435643564356436
0.0594059405940594 0.0594059405940594 0.0594059405940594
0.05445544554455445 0.05445544554455445 0.05445544554455445
0.04950495049504949 0.04950495049504949 0.04950495049504949
0.04455445544554454 0.04455445544554454 0.04455445544554454
0.039603960396039584 0.039603960396039584 0.039603960396039584
0.03465346534653463 0.03465346534653463 0.03465346534653463
0.029702970297029674 0.029702970297029674 0.029702970297029674
0.024752475247524774 0.024752475247524774 0.024752475247524774
0.01980198019801982 0.01980198019801982 0.01980198019801982
0.014851485148514865 0.014851485148514865 0.014851485148514865
0.00990099009900991 0.00990099009900991 0.00990099009900991
0.004950495049504955 0.004950495049504955 0.004950495049504955
0.0 0.0 0.0
0.004545454545454545 0.0022727272727272726 0.006818181818181818
0.00909090909090909 0.004545454545454545 0.013636363636363636
0.013636363636363636 0.006818181818181818 0.020454545454545454
0.01818181818181818 0.00909090909090909 0.02727272727272727
0.022727272727272728 0.011363636363636364 0.03409090909090909
0.02727272727272727 0.013636363636363636 0.04090909090909091
0.031818181818181815 0.015909090909090907 0.04772727272727272
0.03636363636363636 0.01818181818181818 0.05454545454545454
0.04090909090909091 0.020454545454545454 0.06136363636363636
0.045454545454545456 0.022727272727272728 0.06818181818181818
0.049999999999999996 0.024999999999999998 0.075
0.05454545454545454 0.02727272727272727 0.08181818181818182
0.05909090909090909 0.029545454545454545 0.08863636363636364
0.06363636363636363 0.031818181818181815 0.09545454545454544
0.06818181818181818 0.03409090909090909 0.10227272727272727
0.07272727272727272 0.03636363636363636 0.10909090909090909
0.07727272727272727 0.038636363636363635 0.1159090909090909
0.08181818181818182 0.04090909090909091 0.12272727272727273
0.08636363636363636 0.04318181818181818 0.12954545454545455
0.09090909090909091 0.045454545454545456 0.13636363636363635
0.09545454545454544 0.04772727272727272 0.14318181818181816
0.09999999999999999 0.049999999999999996 0.15
0.10454545454545454 0.05227272727272727 0.1568181818181818
0.10909090909090909 0.05454545454545454 0.16363636363636364
0.11363636363636363 0.056818181818181816 0.17045454545454544
0.11818181818181818 0.05909090909090909 0.17727272727272728
0.12272727272727273 0.06136363636363636 0.18409090909090908
0.12727272727272726 0.06363636363636363 0.1909090909090909
0.1318181818181818 0.0659090909090909 0.1977272727272727
0.13636363636363635 0.06818181818181818 0.20454545454545453
0.1409090909090909 0.07045454545454545 0.21136363636363636
0.14545454545454545 0.07272727272727272 0.21818181818181817
0.15 0.075 0.22499999999999998
0.15454545454545454 0.07727272727272727 0.2318181818181818
0.1590909090909091 0.07954545454545454 0.23863636363636365
0.16363636363636364 0.08181818181818182 0.24545454545454545
0.16818181818181818 0.08409090909090909 0.25227272727272726
0.17272727272727273 0.08636363636363636 0.2590909090909091
0.17727272727272728 0.08863636363636364 0.26590909090909093
0.18181818181818182 0.09090909090909091 0.2727272727272727
0.18636363636363634 0.09318181818181817 0.27954545454545454
0.1909090909090909 0.09545454545454544 0.2863636363636363
0.19545454545454544 0.09772727272727272 0.29318181818181815
0.19999999999999998 0.09999999999999999 0.3
0.20454545454545453 0.10227272727272727 0.30681818181818177
0.20909090909090908 0.10454545454545454 0.3136363636363636
0.21363636363636362 0.10681818181818181 0.32045454545454544
0.21818181818181817 0.10909090909090909 0.32727272727272727
0.22272727272727272 0.11136363636363636 0.3340909090909091
0.22727272727272727 0.11363636363636363 0.3409090909090909
0.2318181818181818 0.1159090909090909 0.3477272727272727
0.23636363636363636 0.11818181818181818 0.35454545454545455
0.2409090909090909 0.12045454545454545 0.36136363636363633
0.24545454545454545 0.12272727272727273 0.36818181818181817
0.25 0.125 0.375
0.2545454545454545 0.12727272727272726 0.3818181818181818
0.2590909090909091 0.12954545454545455 0.38863636363636367
0.2636363636363636 0.1318181818181818 0.3954545454545454
0.2681818181818182 0.1340909090909091 0.4022727272727273
0.2727272727272727 0.13636363636363635 0.40909090909090906
0.2772727272727273 0.13863636363636364 0.4159090909090909
0.2818181818181818 0.1409090909090909 0.42272727272727273
0.2863636363636364 0.1431818181818182 0.42954545454545456
0.2909090909090909 0.14545454545454545 0.43636363636363634
0.2954545454545454 0.1477272727272727 0.4431818181818181
0.3 0.15 0.44999999999999996
0.3045454545454545 0.15227272727272725 0.4568181818181818
0.3090909090909091 0.15454545454545454 0.4636363636363636
0.3136363636363636 0.1568181818181818 0.4704545454545454
0.3181818181818182 0.1590909090909091 0.4772727272727273
0.3227272727272727 0.16136363636363635 0.484090909090909
0.32727272727272727 0.16363636363636364 0.4909090909090909
0.3318181818181818 0.1659090909090909 0.4977272727272727
0.33636363636363636 0.16818181818181818 0.5045454545454545
0.3409090909090909 0.17045454545454544 0.5113636363636364
0.34545454545454546 0.17272727272727273 0.5181818181818182
0.35 0.175 0.5249999999999999
0.35454545454545455 0.17727272727272728 0.5318181818181819
0.35909090909090907 0.17954545454545454 0.5386363636363636
0.36363636363636365 0.18181818181818182 0.5454545454545454
0.36818181818181817 0.18409090909090908 0.5522727272727272
0.3727272727272727 0.18636363636363634 0.5590909090909091
0.37727272727272726 0.18863636363636363 0.5659090909090909
0.3818181818181818 0.1909090909090909 0.5727272727272726
0.38636363636363635 0.19318181818181818 0.5795454545454546
0.3909090909090909 0.19545454545454544 0.5863636363636363
0.39545454545454545 0.19772727272727272 0.5931818181818181
0.39999999999999997 0.19999999999999998 0.6
0.40454545454545454 0.20227272727272727 0.6068181818181818
0.40909090909090906 0.20454545454545453 0.6136363636363635
0.41363636363636364 0.20681818181818182 0.6204545454545455
0.41818181818181815 0.20909090909090908 0.6272727272727272
0.42272727272727273 0.21136363636363636 0.634090909090909
0.42727272727272725 0.21363636363636362 0.6409090909090909
0.4318181818181818 0.2159090909090909 0.6477272727272727
0.43636363636363634 0.21818181818181817 0.6545454545454545
0.44090909090909086 0.22045454545454543 0.6613636363636363
0.44545454545454544 0.22272727272727272 0.6681818181818182
0.44999999999999996 0.22499999999999998 0.6749999999999999
0.45454545454545453 0.22727272727272727 0.6818181818181818
0.45909090909090905 0.22954545454545452 0.6886363636363636
0.4636363636363636 0.2318181818181818 0.6954545454545454
0.46818181818181814 0.23409090909090907 0.7022727272727272
0.4727272727272727 0.23636363636363636 0.7090909090909091
0.47727272727272724 0.23863636363636362 0.7159090909090908
0.4818181818181818 0.2409090909090909 0.7227272727272727
0.48636363636363633 0.24318181818181817 0.7295454545454545
0.4909090909090909 0.24545454545454545 0.7363636363636363
0.4954545454545454 0.2477272727272727 0.7431818181818182
0.5 0.25 0.75
0.5 0.25609756097560976 0.7439024390243902
0.5 0.2621951219512195 0.7378048780487805
0.5 0.2682926829268293 0.7317073170731707
0.5 0.27439024390243905 0.725609756097561
0.5 0.2804878048780488 0.7195121951219512
0.5 0.28658536585365857 0.7134146341463414
0.5 0.2926829268292683 0.7073170731707317
0.5 0.29878048780487804 0.7012195121951219
0.5 0.3048780487804878 0.6951219512195121
0.5 0.31097560975609756 0.6890243902439024
0.5 0.3170731707317073 0.6829268292682926
0.5 0.3231707317073171 0.6768292682926829
0.5 0.32926829268292684 0.6707317073170732
0.5 0.3353658536585366 0.6646341463414634
0.5 0.3414634146341463 0.6585365853658537
0.5 0.3475609756097561 0.6524390243902439
0.5 0.35365853658536583 0.6463414634146342
0.5 0.3597560975609756 0.6402439024390244
0.5 0.36585365853658536 0.6341463414634146
0.5 0.3719512195121951 0.6280487804878049
0.5 0.3780487804878049 0.6219512195121951
0.5 0.38414634146341464 0.6158536585365854
0.5 0.3902439024390244 0.6097560975609756
0.5 0.39634146341463417 0.6036585365853658
0.5 0.4024390243902439 0.5975609756097561
0.5 0.4085365853658537 0.5914634146341463
0.5 0.41463414634146345 0.5853658536585366
0.5 0.4207317073170732 0.5792682926829268
0.5 0.426829268292683 0.573170731707317
0.5 0.4329268292682927 0.5670731707317074
0.5 0.43902439024390244 0.5609756097560976
0.5 0.4451219512195122 0.5548780487804879
0.5 0.45121951219512196 0.5487804878048781
0.5 0.4573170731707317 0.5426829268292683
0.5 0.46341463414634143 0.5365853658536586
0.5 0.4695121951219512 0.5304878048780488
0.5 0.47560975609756095 0.524390243902439
0.5 0.4817073170731707 0.5182926829268293
0.5 0.4878048780487805 0.5121951219512195
0.5 0.49390243902439024 0.5060975609756098
0.5 0.5 0.5
0.4965277777777778 0.4965277777777778 0.5069444444444444
0.4930555555555556 0.4930555555555556 0.5138888888888888
0.4895833333333333 0.4895833333333333 0.5208333333333334
0.4861111111111111 0.4861111111111111 0.5277777777777778
0.4826388888888889 0.4826388888888889 0.5347222222222222
0.4791666666666667 0.4791666666666667 0.5416666666666666
0.4756944444444444 0.4756944444444444 0.5486111111111112
0.4722222222222222 0.4722222222222222 0.5555555555555556
0.46875 0.46875 0.5625
0.4652777777777778 0.4652777777777778 0.5694444444444444
0.4618055555555556 0.4618055555555556 0.5763888888888888
0.4583333333333333 0.4583333333333333 0.5833333333333334
0.4548611111111111 0.4548611111111111 0.5902777777777778
0.4513888888888889 0.4513888888888889 0.5972222222222222
0.4479166666666667 0.4479166666666667 0.6041666666666666
0.4444444444444444 0.4444444444444444 0.6111111111111112
0.4409722222222222 0.4409722222222222 0.6180555555555556
0.4375 0.4375 0.625
0.4340277777777778 0.4340277777777778 0.6319444444444444
0.4305555555555556 0.4305555555555556 0.6388888888888888
0.42708333333333337 0.42708333333333337 0.6458333333333333
0.4236111111111111 0.4236111111111111 0.6527777777777778
0.4201388888888889 0.4201388888888889 0.6597222222222222
0.4166666666666667 0.4166666666666667 0.6666666666666666
0.4131944444444444 0.4131944444444444 0.6736111111111112
0.4097222222222222 0.4097222222222222 0.6805555555555556
0.40625 0.40625 0.6875
0.4027777777777778 0.4027777777777778 0.6944444444444444
0.3993055555555556 0.3993055555555556 0.7013888888888888
0.39583333333333337 0.39583333333333337 0.7083333333333333
0.3923611111111111 0.3923611111111111 0.7152777777777778
0.3888888888888889 0.3888888888888889 0.7222222222222222
0.3854166666666667 0.3854166666666667 0.7291666666666666
0.3819444444444444 0.3819444444444444 0.7361111111111112
0.3784722222222222 0.3784722222222222 0.7430555555555556
0.375 0.375 0.75
0.3716216216216216 0.3716216216216216 0.7432432432432432
0.36824324324324326 0.36824324324324326 0.7364864864864865
0.36486486486486486 0.36486486486486486 0.7297297297297297
0.3614864864864865 0.3614864864864865 0.722972972972973
0.3581081081081081 0.3581081081081081 0.7162162162162162
0.3547297297297297 0.3547297297297297 0.7094594594594594
0.35135135135135137 0.35135135135135137 0.7027027027027027
0.34797297297297297 0.34797297297297297 0.6959459459459459
0.34459459459459457 0.34459459459459457 0.6891891891891891
0.34121621621621623 0.34121621621621623 0.6824324324324325
0.33783783783783783 0.33783783783783783 0.6756756756756757
0.33445945945945943 0.33445945945945943 0.6689189189189189
0.3310810810810811 0.3310810810810811 0.6621621621621622
0.3277027027027027 0.3277027027027027 0.6554054054054054
0.32432432432432434 0.32432432432432434 0.6486486486486487
0.32094594594594594 0.32094594594594594 0.6418918918918919
0.31756756756756754 0.31756756756756754 0.6351351351351351
0.3141891891891892 0.3141891891891892 0.6283783783783784
0.3108108108108108 0.3108108108108108 0.6216216216216216
0.30743243243243246 0.30743243243243246 0.6148648648648649
0.30405405405405406 0.30405405405405406 0.6081081081081081
0.30067567567567566 0.30067567567567566 0.6013513513513513
0.2972972972972973 0.2972972972972973 0.5945945945945946
0.2939189189189189 0.2939189189189189 0.5878378378378378
0.29054054054054057 0.29054054054054057 0.5810810810810811
0.28716216216216217 0.28716216216216217 0.5743243243243243
0.28378378378378377 0.28378378378378377 0.5675675675675675
0.28040540540540543 0.28040540540540543 0.5608108108108109
0.27702702702702703 0.27702702702702703 0.5540540540540541
0.27364864864864863 0.27364864864864863 0.5472972972972973
0.2702702702702703 0.2702702702702703 0.5405405405405406
0.2668918918918919 0.2668918918918919 0.5337837837837838
0.2635135135135135 0.2635135135135135 0.527027027027027
0.26013513513513514 0.26013513513513514 0.5202702702702703
0.25675675675675674 0.25675675675675674 0.5135135135135135
0.2533783783783784 0.2533783783783784 0.5067567567567568
0.25 0.25 0.5
0.24662162162162163 0.24662162162162163 0.49324324324324326
0.24324324324324323 0.24324324324324323 0.48648648648648646
0.23986486486486486 0.23986486486486486 0.4797297297297297
0.23648648648648649 0.23648648648648649 0.47297297297297297
0.23310810810810811 0.23310810810810811 0.46621621621621623
0.22972972972972974 0.22972972972972974 0.4594594594594595
0.22635135135135134 0.22635135135135134 0.4527027027027027
0.22297297297297297 0.22297297297297297 0.44594594594594594
0.2195945945945946 0.2195945945945946 0.4391891891891892
0.21621621621621623 0.21621621621621623 0.43243243243243246
0.21283783783783783 0.21283783783783783 0.42567567567567566
0.20945945945945946 0.20945945945945946 0.4189189189189189
0.20608108108108109 0.20608108108108109 0.41216216216216217
0.20270270270270271 0.20270270270270271 0.40540540540540543
0.19932432432432434 0.19932432432432434 0.3986486486486487
0.19594594594594594 0.19594594594594594 0.3918918918918919
0.19256756756756757 0.19256756756756757 0.38513513513513514
0.1891891891891892 0.1891891891891892 0.3783783783783784
0.18581081081081083 0.18581081081081083 0.37162162162162166
0.18243243243243246 0.18243243243243246 0.3648648648648649
0.17905405405405406 0.17905405405405406 0.3581081081081081
0.17567567567567566 0.17567567567567566 0.3513513513513513
0.17229729729729729 0.17229729729729729 0.34459459459459457
0.16891891891891891 0.16891891891891891 0.33783783783783783
0.16554054054054057 0.16554054054054057 0.33108108108108114
0.16216216216216217 0.16216216216216217 0.32432432432432434
0.15878378378378377 0.15878378378378377 0.31756756756756754
0.1554054054054054 0.1554054054054054 0.3108108108108108
0.15202702702702703 0.15202702702702703 0.30405405405405406
0.14864864864864868 0.14864864864864868 0.29729729729729737
0.14527027027027029 0.14527027027027029 0.29054054054054057
0.14189189189189189 0.14189189189189189 0.28378378378378377
0.13851351351351351 0.13851351351351351 0.27702702702702703
0.13513513513513514 0.13513513513513514 0.2702702702702703
0.13175675675675674 0.13175675675675674 0.2635135135135135
0.1283783783783784 0.1283783783783784 0.2567567567567568
0.125 0.125 0.25
0.1216216216216216 0.1216216216216216 0.2432432432432432
0.11824324324324326 0.11824324324324326 0.2364864864864865
0.11486486486486486 0.11486486486486486 0.22972972972972971
0.11148648648648646 0.11148648648648646 0.22297297297297292
0.10810810810810811 0.10810810810810811 0.21621621621621623
0.10472972972972971 0.10472972972972971 0.20945945945945943
0.10135135135135137 0.10135135135135137 0.20270270270270274
0.09797297297297297 0.09797297297297297 0.19594594594594594
0.09459459459459457 0.09459459459459457 0.18918918918918914
0.09121621621621623 0.09121621621621623 0.18243243243243246
0.08783783783783783 0.08783783783783783 0.17567567567567566
0.08445945945945948 0.08445945945945948 0.16891891891891897
0.08108108108108109 0.08108108108108109 0.16216216216216217
0.07770270270270269 0.07770270270270269 0.15540540540540537
0.07432432432432434 0.07432432432432434 0.14864864864864868
0.07094594594594594 0.07094594594594594 0.14189189189189189
0.0675675675675676 0.0675675675675676 0.1351351351351352
0.0641891891891892 0.0641891891891892 0.1283783783783784
0.0608108108108108 0.0608108108108108 0.1216216216216216
0.057432432432432456 0.057432432432432456 0.11486486486486491
0.05405405405405406 0.05405405405405406 0.10810810810810811
0.05067567567567566 0.05067567567567566 0.10135135135135132
0.047297297297297314 0.047297297297297314 0.09459459459459463
0.043918918918918914 0.043918918918918914 0.08783783783783783
0.04054054054054057 0.04054054054054057 0.08108108108108114
0.03716216216216217 0.03716216216216217 0.07432432432432434
0.03378378378378377 0.03378378378378377 0.06756756756756754
0.030405405405405428 0.030405405405405428 0.060810810810810856
0.02702702702702703 0.02702702702702703 0.05405405405405406
0.023648648648648685 0.023648648648648685 0.04729729729729737
0.020270270270270285 0.020270270270270285 0.04054054054054057
0.016891891891891886 0.016891891891891886 0.03378378378378377
0.013513513513513487 0.013513513513513487 0.027027027027026973
0.010135135135135143 0.010135135135135143 0.020270270270270285
0.006756756756756799 0.006756756756756799 0.013513513513513598
0.0033783783783783994 0.0033783783783783994 0.006756756756756799
0.0 0.0 0.0
# END KPATH_CARD



