# INPUT_CELL_CARD
4.0 0.0 0.0
0.0 4.0 0.0
0.0 0.0 50.0
# END INPUT_CELL_CARD

# INPUT_SValues
Ni 0.0 0.0 5.5
# END INPUT_SValues 

# INPUT_ATOMS_CARD_FRAC
Ni 0.0 0.0 0.0
Ni 0.5 0.5 0.04
Ni 0.0 0.0 0.08
Ni 0.5 0.5 0.12
Ni 0.0 0.0 0.16
Ni 0.5 0.5 0.2
Ni 0.0 0.0 0.24
Ni 0.5 0.5 0.28
Ni 0.0 0.0 0.32
Ni 0.5 0.5 0.36
Ni 0.0 0.0 0.4
Ni 0.5 0.5 0.44
Ni 0.0 0.0 0.48
Ni 0.5 0.5 0.52
Ni 0.0 0.0 0.56
Ni 0.5 0.5 0.6
Ni 0.0 0.0 0.64
Ni 0.5 0.5 0.68
Ni 0.0 0.0 0.72
Ni 0.5 0.5 0.76
Ni 0.0 0.0 0.8
Ni 0.5 0.5 0.84
Ni 0.0 0.0 0.88
Ni 0.5 0.5 0.92
Ni 0.0 0.0 0.96

# END INPUT_ATOMS_CARD_FRAC

# INPUT_LOCAL_ANISOTROPIES
0.0 0.0 200.0
0.0 0.0 0.0
0.0 0.0 0.0
0.0 0.0 0.0
0.0 0.0 0.0
0.0 0.0 0.0
0.0 0.0 0.0
0.0 0.0 0.0
0.0 0.0 0.0
0.0 0.0 0.0
0.0 0.0 0.0
0.0 0.0 0.0
0.0 0.0 0.0
0.0 0.0 0.0
0.0 0.0 0.0
0.0 0.0 0.0
0.0 0.0 0.0
0.0 0.0 0.0
0.0 0.0 0.0
0.0 0.0 0.0
0.0 0.0 0.0
0.0 0.0 0.0
0.0 0.0 0.0
0.0 0.0 0.0
0.0 0.0 200.0
# END INPUT_LOCAL_ANISOTROPIES


# KPATH_CARD
0.0 0.0 0.0
0.0 0.0 0.0056179775280898875
0.0 0.0 0.011235955056179775
0.0 0.0 0.016853932584269662
0.0 0.0 0.02247191011235955
0.0 0.0 0.028089887640449437
0.0 0.0 0.033707865168539325
0.0 0.0 0.03932584269662921
0.0 0.0 0.0449438202247191
0.0 0.0 0.05056179775280899
0.0 0.0 0.056179775280898875
0.0 0.0 0.06179775280898876
0.0 0.0 0.06741573033707865
0.0 0.0 0.07303370786516854
0.0 0.0 0.07865168539325842
0.0 0.0 0.08426966292134831
0.0 0.0 0.0898876404494382
0.0 0.0 0.09550561797752809
0.0 0.0 0.10112359550561797
0.0 0.0 0.10674157303370786
0.0 0.0 0.11235955056179775
0.0 0.0 0.11797752808988764
0.0 0.0 0.12359550561797752
0.0 0.0 0.1292134831460674
0.0 0.0 0.1348314606741573
0.0 0.0 0.1404494382022472
0.0 0.0 0.14606741573033707
0.0 0.0 0.15168539325842695
0.0 0.0 0.15730337078651685
0.0 0.0 0.16292134831460675
0.0 0.0 0.16853932584269662
0.0 0.0 0.1741573033707865
0.0 0.0 0.1797752808988764
0.0 0.0 0.1853932584269663
0.0 0.0 0.19101123595505617
0.0 0.0 0.19662921348314605
0.0 0.0 0.20224719101123595
0.0 0.0 0.20786516853932585
0.0 0.0 0.21348314606741572
0.0 0.0 0.2191011235955056
0.0 0.0 0.2247191011235955
0.0 0.0 0.2303370786516854
0.0 0.0 0.23595505617977527
0.0 0.0 0.24157303370786515
0.0 0.0 0.24719101123595505
0.0 0.0 0.25280898876404495
0.0 0.0 0.2584269662921348
0.0 0.0 0.2640449438202247
0.0 0.0 0.2696629213483146
0.0 0.0 0.2752808988764045
0.0 0.0 0.2808988764044944
0.0 0.0 0.28651685393258425
0.0 0.0 0.29213483146067415
0.0 0.0 0.29775280898876405
0.0 0.0 0.3033707865168539
0.0 0.0 0.3089887640449438
0.0 0.0 0.3146067415730337
0.0 0.0 0.3202247191011236
0.0 0.0 0.3258426966292135
0.0 0.0 0.33146067415730335
0.0 0.0 0.33707865168539325
0.0 0.0 0.34269662921348315
0.0 0.0 0.348314606741573
0.0 0.0 0.3539325842696629
0.0 0.0 0.3595505617977528
0.0 0.0 0.3651685393258427
0.0 0.0 0.3707865168539326
0.0 0.0 0.37640449438202245
0.0 0.0 0.38202247191011235
0.0 0.0 0.38764044943820225
0.0 0.0 0.3932584269662921
0.0 0.0 0.398876404494382
0.0 0.0 0.4044943820224719
0.0 0.0 0.4101123595505618
0.0 0.0 0.4157303370786517
0.0 0.0 0.42134831460674155
0.0 0.0 0.42696629213483145
0.0 0.0 0.43258426966292135
0.0 0.0 0.4382022471910112
0.0 0.0 0.4438202247191011
0.0 0.0 0.449438202247191
0.0 0.0 0.4550561797752809
0.0 0.0 0.4606741573033708
0.0 0.0 0.46629213483146065
0.0 0.0 0.47191011235955055
0.0 0.0 0.47752808988764045
0.0 0.0 0.4831460674157303
0.0 0.0 0.4887640449438202
0.0 0.0 0.4943820224719101
0.0 0.0 0.5
0.003246753246753247 0.003246753246753247 0.4967532467532468
0.006493506493506494 0.006493506493506494 0.4935064935064935
0.00974025974025974 0.00974025974025974 0.4902597402597403
0.012987012987012988 0.012987012987012988 0.487012987012987
0.016233766233766236 0.016233766233766236 0.4837662337662338
0.01948051948051948 0.01948051948051948 0.4805194805194805
0.022727272727272728 0.022727272727272728 0.4772727272727273
0.025974025974025976 0.025974025974025976 0.474025974025974
0.029220779220779224 0.029220779220779224 0.4707792207792208
0.03246753246753247 0.03246753246753247 0.4675324675324675
0.03571428571428572 0.03571428571428572 0.4642857142857143
0.03896103896103896 0.03896103896103896 0.461038961038961
0.04220779220779221 0.04220779220779221 0.4577922077922078
0.045454545454545456 0.045454545454545456 0.45454545454545453
0.048701298701298704 0.048701298701298704 0.4512987012987013
0.05194805194805195 0.05194805194805195 0.44805194805194803
0.0551948051948052 0.0551948051948052 0.4448051948051948
0.05844155844155845 0.05844155844155845 0.44155844155844154
0.061688311688311695 0.061688311688311695 0.4383116883116883
0.06493506493506494 0.06493506493506494 0.43506493506493504
0.06818181818181819 0.06818181818181819 0.4318181818181818
0.07142857142857144 0.07142857142857144 0.42857142857142855
0.07467532467532469 0.07467532467532469 0.4253246753246753
0.07792207792207792 0.07792207792207792 0.42207792207792205
0.08116883116883117 0.08116883116883117 0.41883116883116883
0.08441558441558442 0.08441558441558442 0.4155844155844156
0.08766233766233766 0.08766233766233766 0.41233766233766234
0.09090909090909091 0.09090909090909091 0.40909090909090906
0.09415584415584416 0.09415584415584416 0.40584415584415584
0.09740259740259741 0.09740259740259741 0.4025974025974026
0.10064935064935066 0.10064935064935066 0.39935064935064934
0.1038961038961039 0.1038961038961039 0.39610389610389607
0.10714285714285715 0.10714285714285715 0.39285714285714285
0.1103896103896104 0.1103896103896104 0.38961038961038963
0.11363636363636365 0.11363636363636365 0.38636363636363635
0.1168831168831169 0.1168831168831169 0.3831168831168831
0.12012987012987014 0.12012987012987014 0.37987012987012986
0.12337662337662339 0.12337662337662339 0.37662337662337664
0.12662337662337664 0.12662337662337664 0.37337662337662336
0.12987012987012989 0.12987012987012989 0.3701298701298701
0.13311688311688313 0.13311688311688313 0.36688311688311687
0.13636363636363638 0.13636363636363638 0.36363636363636365
0.13961038961038963 0.13961038961038963 0.36038961038961037
0.14285714285714288 0.14285714285714288 0.3571428571428571
0.14610389610389612 0.14610389610389612 0.3538961038961039
0.14935064935064937 0.14935064935064937 0.35064935064935066
0.15259740259740262 0.15259740259740262 0.3474025974025974
0.15584415584415584 0.15584415584415584 0.34415584415584416
0.1590909090909091 0.1590909090909091 0.34090909090909094
0.16233766233766234 0.16233766233766234 0.33766233766233766
0.16558441558441558 0.16558441558441558 0.3344155844155844
0.16883116883116883 0.16883116883116883 0.33116883116883117
0.17207792207792208 0.17207792207792208 0.32792207792207795
0.17532467532467533 0.17532467532467533 0.3246753246753247
0.17857142857142858 0.17857142857142858 0.3214285714285714
0.18181818181818182 0.18181818181818182 0.3181818181818182
0.18506493506493507 0.18506493506493507 0.31493506493506496
0.18831168831168832 0.18831168831168832 0.3116883116883117
0.19155844155844157 0.19155844155844157 0.3084415584415584
0.19480519480519481 0.19480519480519481 0.3051948051948052
0.19805194805194806 0.19805194805194806 0.30194805194805197
0.2012987012987013 0.2012987012987013 0.2987012987012987
0.20454545454545456 0.20454545454545456 0.2954545454545454
0.2077922077922078 0.2077922077922078 0.2922077922077922
0.21103896103896105 0.21103896103896105 0.288961038961039
0.2142857142857143 0.2142857142857143 0.2857142857142857
0.21753246753246755 0.21753246753246755 0.2824675324675324
0.2207792207792208 0.2207792207792208 0.2792207792207792
0.22402597402597405 0.22402597402597405 0.275974025974026
0.2272727272727273 0.2272727272727273 0.2727272727272727
0.23051948051948054 0.23051948051948054 0.26948051948051943
0.2337662337662338 0.2337662337662338 0.2662337662337662
0.23701298701298704 0.23701298701298704 0.262987012987013
0.24025974025974028 0.24025974025974028 0.2597402597402597
0.24350649350649353 0.24350649350649353 0.25649350649350644
0.24675324675324678 0.24675324675324678 0.2532467532467532
0.25 0.25 0.25
0.24675324675324675 0.24675324675324675 0.24675324675324675
0.2435064935064935 0.2435064935064935 0.2435064935064935
0.24025974025974026 0.24025974025974026 0.24025974025974026
0.237012987012987 0.237012987012987 0.237012987012987
0.23376623376623376 0.23376623376623376 0.23376623376623376
0.2305194805194805 0.2305194805194805 0.2305194805194805
0.22727272727272727 0.22727272727272727 0.22727272727272727
0.22402597402597402 0.22402597402597402 0.22402597402597402
0.22077922077922077 0.22077922077922077 0.22077922077922077
0.21753246753246752 0.21753246753246752 0.21753246753246752
0.21428571428571427 0.21428571428571427 0.21428571428571427
0.21103896103896103 0.21103896103896103 0.21103896103896103
0.2077922077922078 0.2077922077922078 0.2077922077922078
0.20454545454545453 0.20454545454545453 0.20454545454545453
0.2012987012987013 0.2012987012987013 0.2012987012987013
0.19805194805194803 0.19805194805194803 0.19805194805194803
0.19480519480519481 0.19480519480519481 0.19480519480519481
0.19155844155844154 0.19155844155844154 0.19155844155844154
0.18831168831168832 0.18831168831168832 0.18831168831168832
0.18506493506493504 0.18506493506493504 0.18506493506493504
0.18181818181818182 0.18181818181818182 0.18181818181818182
0.17857142857142855 0.17857142857142855 0.17857142857142855
0.17532467532467533 0.17532467532467533 0.17532467532467533
0.17207792207792208 0.17207792207792208 0.17207792207792208
0.16883116883116883 0.16883116883116883 0.16883116883116883
0.16558441558441558 0.16558441558441558 0.16558441558441558
0.16233766233766234 0.16233766233766234 0.16233766233766234
0.1590909090909091 0.1590909090909091 0.1590909090909091
0.15584415584415584 0.15584415584415584 0.15584415584415584
0.1525974025974026 0.1525974025974026 0.1525974025974026
0.14935064935064934 0.14935064935064934 0.14935064935064934
0.1461038961038961 0.1461038961038961 0.1461038961038961
0.14285714285714285 0.14285714285714285 0.14285714285714285
0.1396103896103896 0.1396103896103896 0.1396103896103896
0.13636363636363635 0.13636363636363635 0.13636363636363635
0.1331168831168831 0.1331168831168831 0.1331168831168831
0.12987012987012986 0.12987012987012986 0.12987012987012986
0.1266233766233766 0.1266233766233766 0.1266233766233766
0.12337662337662336 0.12337662337662336 0.12337662337662336
0.12012987012987011 0.12012987012987011 0.12012987012987011
0.11688311688311687 0.11688311688311687 0.11688311688311687
0.11363636363636362 0.11363636363636362 0.11363636363636362
0.11038961038961037 0.11038961038961037 0.11038961038961037
0.10714285714285712 0.10714285714285712 0.10714285714285712
0.10389610389610388 0.10389610389610388 0.10389610389610388
0.10064935064935063 0.10064935064935063 0.10064935064935063
0.09740259740259738 0.09740259740259738 0.09740259740259738
0.09415584415584416 0.09415584415584416 0.09415584415584416
0.09090909090909091 0.09090909090909091 0.09090909090909091
0.08766233766233766 0.08766233766233766 0.08766233766233766
0.08441558441558442 0.08441558441558442 0.08441558441558442
0.08116883116883117 0.08116883116883117 0.08116883116883117
0.07792207792207792 0.07792207792207792 0.07792207792207792
0.07467532467532467 0.07467532467532467 0.07467532467532467
0.07142857142857142 0.07142857142857142 0.07142857142857142
0.06818181818181818 0.06818181818181818 0.06818181818181818
0.06493506493506493 0.06493506493506493 0.06493506493506493
0.06168831168831168 0.06168831168831168 0.06168831168831168
0.05844155844155843 0.05844155844155843 0.05844155844155843
0.055194805194805185 0.055194805194805185 0.055194805194805185
0.05194805194805194 0.05194805194805194 0.05194805194805194
0.04870129870129869 0.04870129870129869 0.04870129870129869
0.04545454545454544 0.04545454545454544 0.04545454545454544
0.042207792207792194 0.042207792207792194 0.042207792207792194
0.038961038961038946 0.038961038961038946 0.038961038961038946
0.0357142857142857 0.0357142857142857 0.0357142857142857
0.03246753246753245 0.03246753246753245 0.03246753246753245
0.029220779220779203 0.029220779220779203 0.029220779220779203
0.025974025974025955 0.025974025974025955 0.025974025974025955
0.022727272727272707 0.022727272727272707 0.022727272727272707
0.01948051948051946 0.01948051948051946 0.01948051948051946
0.01623376623376621 0.01623376623376621 0.01623376623376621
0.012987012987012964 0.012987012987012964 0.012987012987012964
0.009740259740259716 0.009740259740259716 0.009740259740259716
0.006493506493506468 0.006493506493506468 0.006493506493506468
0.00324675324675322 0.00324675324675322 0.00324675324675322
0.0 0.0 0.0
0.003205128205128205 -0.003205128205128205 0.003205128205128205
0.00641025641025641 -0.00641025641025641 0.00641025641025641
0.009615384615384616 -0.009615384615384616 0.009615384615384616
0.01282051282051282 -0.01282051282051282 0.01282051282051282
0.016025641025641024 -0.016025641025641024 0.016025641025641024
0.019230769230769232 -0.019230769230769232 0.019230769230769232
0.022435897435897436 -0.022435897435897436 0.022435897435897436
0.02564102564102564 -0.02564102564102564 0.02564102564102564
0.028846153846153844 -0.028846153846153844 0.028846153846153844
0.03205128205128205 -0.03205128205128205 0.03205128205128205
0.035256410256410256 -0.035256410256410256 0.035256410256410256
0.038461538461538464 -0.038461538461538464 0.038461538461538464
0.041666666666666664 -0.041666666666666664 0.041666666666666664
0.04487179487179487 -0.04487179487179487 0.04487179487179487
0.04807692307692307 -0.04807692307692307 0.04807692307692307
0.05128205128205128 -0.05128205128205128 0.05128205128205128
0.05448717948717949 -0.05448717948717949 0.05448717948717949
0.05769230769230769 -0.05769230769230769 0.05769230769230769
0.060897435897435896 -0.060897435897435896 0.060897435897435896
0.0641025641025641 -0.0641025641025641 0.0641025641025641
0.0673076923076923 -0.0673076923076923 0.0673076923076923
0.07051282051282051 -0.07051282051282051 0.07051282051282051
0.07371794871794872 -0.07371794871794872 0.07371794871794872
0.07692307692307693 -0.07692307692307693 0.07692307692307693
0.08012820512820512 -0.08012820512820512 0.08012820512820512
0.08333333333333333 -0.08333333333333333 0.08333333333333333
0.08653846153846154 -0.08653846153846154 0.08653846153846154
0.08974358974358974 -0.08974358974358974 0.08974358974358974
0.09294871794871795 -0.09294871794871795 0.09294871794871795
0.09615384615384615 -0.09615384615384615 0.09615384615384615
0.09935897435897435 -0.09935897435897435 0.09935897435897435
0.10256410256410256 -0.10256410256410256 0.10256410256410256
0.10576923076923077 -0.10576923076923077 0.10576923076923077
0.10897435897435898 -0.10897435897435898 0.10897435897435898
0.11217948717948717 -0.11217948717948717 0.11217948717948717
0.11538461538461538 -0.11538461538461538 0.11538461538461538
0.11858974358974358 -0.11858974358974358 0.11858974358974358
0.12179487179487179 -0.12179487179487179 0.12179487179487179
0.125 -0.125 0.125
0.1282051282051282 -0.1282051282051282 0.1282051282051282
0.13141025641025642 -0.13141025641025642 0.13141025641025642
0.1346153846153846 -0.1346153846153846 0.1346153846153846
0.1378205128205128 -0.1378205128205128 0.1378205128205128
0.14102564102564102 -0.14102564102564102 0.14102564102564102
0.14423076923076922 -0.14423076923076922 0.14423076923076922
0.14743589743589744 -0.14743589743589744 0.14743589743589744
0.15064102564102563 -0.15064102564102563 0.15064102564102563
0.15384615384615385 -0.15384615384615385 0.15384615384615385
0.15705128205128205 -0.15705128205128205 0.15705128205128205
0.16025641025641024 -0.16025641025641024 0.16025641025641024
0.16346153846153846 -0.16346153846153846 0.16346153846153846
0.16666666666666666 -0.16666666666666666 0.16666666666666666
0.16987179487179488 -0.16987179487179488 0.16987179487179488
0.17307692307692307 -0.17307692307692307 0.17307692307692307
0.17628205128205127 -0.17628205128205127 0.17628205128205127
0.1794871794871795 -0.1794871794871795 0.1794871794871795
0.18269230769230768 -0.18269230769230768 0.18269230769230768
0.1858974358974359 -0.1858974358974359 0.1858974358974359
0.1891025641025641 -0.1891025641025641 0.1891025641025641
0.1923076923076923 -0.1923076923076923 0.1923076923076923
0.1955128205128205 -0.1955128205128205 0.1955128205128205
0.1987179487179487 -0.1987179487179487 0.1987179487179487
0.20192307692307693 -0.20192307692307693 0.20192307692307693
0.20512820512820512 -0.20512820512820512 0.20512820512820512
0.20833333333333331 -0.20833333333333331 0.20833333333333331
0.21153846153846154 -0.21153846153846154 0.21153846153846154
0.21474358974358973 -0.21474358974358973 0.21474358974358973
0.21794871794871795 -0.21794871794871795 0.21794871794871795
0.22115384615384615 -0.22115384615384615 0.22115384615384615
0.22435897435897434 -0.22435897435897434 0.22435897435897434
0.22756410256410256 -0.22756410256410256 0.22756410256410256
0.23076923076923075 -0.23076923076923075 0.23076923076923075
0.23397435897435898 -0.23397435897435898 0.23397435897435898
0.23717948717948717 -0.23717948717948717 0.23717948717948717
0.24038461538461536 -0.24038461538461536 0.24038461538461536
0.24358974358974358 -0.24358974358974358 0.24358974358974358
0.24679487179487178 -0.24679487179487178 0.24679487179487178
0.25 -0.25 0.25
0.2532051282051282 -0.2532051282051282 0.2532051282051282
0.2564102564102564 -0.2564102564102564 0.2564102564102564
0.2596153846153846 -0.2596153846153846 0.2596153846153846
0.26282051282051283 -0.26282051282051283 0.26282051282051283
0.266025641025641 -0.266025641025641 0.266025641025641
0.2692307692307692 -0.2692307692307692 0.2692307692307692
0.2724358974358974 -0.2724358974358974 0.2724358974358974
0.2756410256410256 -0.2756410256410256 0.2756410256410256
0.27884615384615385 -0.27884615384615385 0.27884615384615385
0.28205128205128205 -0.28205128205128205 0.28205128205128205
0.28525641025641024 -0.28525641025641024 0.28525641025641024
0.28846153846153844 -0.28846153846153844 0.28846153846153844
0.29166666666666663 -0.29166666666666663 0.29166666666666663
0.2948717948717949 -0.2948717948717949 0.2948717948717949
0.2980769230769231 -0.2980769230769231 0.2980769230769231
0.30128205128205127 -0.30128205128205127 0.30128205128205127
0.30448717948717946 -0.30448717948717946 0.30448717948717946
0.3076923076923077 -0.3076923076923077 0.3076923076923077
0.3108974358974359 -0.3108974358974359 0.3108974358974359
0.3141025641025641 -0.3141025641025641 0.3141025641025641
0.3173076923076923 -0.3173076923076923 0.3173076923076923
0.3205128205128205 -0.3205128205128205 0.3205128205128205
0.32371794871794873 -0.32371794871794873 0.32371794871794873
0.3269230769230769 -0.3269230769230769 0.3269230769230769
0.3301282051282051 -0.3301282051282051 0.3301282051282051
0.3333333333333333 -0.3333333333333333 0.3333333333333333
0.3365384615384615 -0.3365384615384615 0.3365384615384615
0.33974358974358976 -0.33974358974358976 0.33974358974358976
0.34294871794871795 -0.34294871794871795 0.34294871794871795
0.34615384615384615 -0.34615384615384615 0.34615384615384615
0.34935897435897434 -0.34935897435897434 0.34935897435897434
0.35256410256410253 -0.35256410256410253 0.35256410256410253
0.3557692307692308 -0.3557692307692308 0.3557692307692308
0.358974358974359 -0.358974358974359 0.358974358974359
0.36217948717948717 -0.36217948717948717 0.36217948717948717
0.36538461538461536 -0.36538461538461536 0.36538461538461536
0.36858974358974356 -0.36858974358974356 0.36858974358974356
0.3717948717948718 -0.3717948717948718 0.3717948717948718
0.375 -0.375 0.375
0.3782051282051282 -0.3782051282051282 0.3782051282051282
0.3814102564102564 -0.3814102564102564 0.3814102564102564
0.3846153846153846 -0.3846153846153846 0.3846153846153846
0.38782051282051283 -0.38782051282051283 0.38782051282051283
0.391025641025641 -0.391025641025641 0.391025641025641
0.3942307692307692 -0.3942307692307692 0.3942307692307692
0.3974358974358974 -0.3974358974358974 0.3974358974358974
0.4006410256410256 -0.4006410256410256 0.4006410256410256
0.40384615384615385 -0.40384615384615385 0.40384615384615385
0.40705128205128205 -0.40705128205128205 0.40705128205128205
0.41025641025641024 -0.41025641025641024 0.41025641025641024
0.41346153846153844 -0.41346153846153844 0.41346153846153844
0.41666666666666663 -0.41666666666666663 0.41666666666666663
0.4198717948717949 -0.4198717948717949 0.4198717948717949
0.4230769230769231 -0.4230769230769231 0.4230769230769231
0.42628205128205127 -0.42628205128205127 0.42628205128205127
0.42948717948717946 -0.42948717948717946 0.42948717948717946
0.43269230769230765 -0.43269230769230765 0.43269230769230765
0.4358974358974359 -0.4358974358974359 0.4358974358974359
0.4391025641025641 -0.4391025641025641 0.4391025641025641
0.4423076923076923 -0.4423076923076923 0.4423076923076923
0.4455128205128205 -0.4455128205128205 0.4455128205128205
0.4487179487179487 -0.4487179487179487 0.4487179487179487
0.4519230769230769 -0.4519230769230769 0.4519230769230769
0.4551282051282051 -0.4551282051282051 0.4551282051282051
0.4583333333333333 -0.4583333333333333 0.4583333333333333
0.4615384615384615 -0.4615384615384615 0.4615384615384615
0.4647435897435897 -0.4647435897435897 0.4647435897435897
0.46794871794871795 -0.46794871794871795 0.46794871794871795
0.47115384615384615 -0.47115384615384615 0.47115384615384615
0.47435897435897434 -0.47435897435897434 0.47435897435897434
0.47756410256410253 -0.47756410256410253 0.47756410256410253
0.4807692307692307 -0.4807692307692307 0.4807692307692307
0.483974358974359 -0.483974358974359 0.483974358974359
0.48717948717948717 -0.48717948717948717 0.48717948717948717
0.49038461538461536 -0.49038461538461536 0.49038461538461536
0.49358974358974356 -0.49358974358974356 0.49358974358974356
0.49679487179487175 -0.49679487179487175 0.49679487179487175
0.5 -0.5 0.5
# END KPATH_CARD

